[?25l[39m [38;2;0;0;0m         [38;2;0;98;0m_ [38;2;0;74;0m_[38;2;0;98;0ma[38;2;0;93;0mL [38;2;0;98;0m_[38;2;0;86;0my[38;2;0;98;0mg  [38;2;0;77;0m_        [39m
 [38;2;0;0;0m      [38;2;0;97;0m@[38;2;0;98;0m__@[38;2;0;97;0m@[38;2;0;98;0m@@@@@@@yg@[38;2;0;97;0m_[38;2;0;84;0m_      [39m
 [38;2;0;0;0m   [38;2;0;97;0m9[38;2;0;98;0mgy@@@@@@@@@@@@@@@@[38;2;0;93;0m%[38;2;0;90;0m_[38;2;0;98;0m_    [39m
 [38;2;0;0;0m [38;2;0;95;0m9@[38;2;0;97;0m$[38;2;0;98;0m@@@@[38;2;0;111;15m@[38;2;0;139;42m@[38;2;0;163;67m@[38;2;0;175;79m@[38;2;0;188;94m@[38;2;0;196;101m@[38;2;0;198;102m@[38;2;0;195;100m@[38;2;0;179;84m@[38;2;0;166;71m@[38;2;0;137;41m@[38;2;0;99;2m@[38;2;0;98;0m@@@@[38;2;0;97;0m@[38;2;0;98;0m_,  [39m
[38;2;0;77;0m=[38;2;0;95;0mg[38;2;0;97;0mg[38;2;0;98;0m@@@[38;2;0;105;8m@[38;2;0;155;60m@[38;2;0;195;100m@[38;2;0;198;102m@@@@@@@@@@@@[38;2;0;173;77m@[38;2;0;116;20m@[38;2;0;98;0m@@@@[38;2;0;97;0m'  [39m
 [38;2;0;98;0m`[38;2;0;96;0m4[38;2;0;98;0m@@[38;2;0;147;51m@[38;2;0;198;102m@@@@@@@@@@@@@@@@@[38;2;0;168;72m@[38;2;0;99;2m@[38;2;0;98;0m@@P[38;2;0;84;0m= [39m
 [38;2;0;0;0m [38;2;0;98;0m_@[38;2;0;120;25m@[38;2;0;145;48m@[38;2;0;139;44m@@[38;2;0;145;49m@[38;2;0;155;59m@[38;2;0;163;68m@[38;2;0;175;80m@[38;2;0;195;100m@[38;2;0;198;102m@@@@[38;2;0;174;79m@[38;2;0;152;56m@[38;2;0;134;39m@[38;2;2;131;41m@[38;2;17;131;61m@[38;2;19;130;61m@[38;2;6;129;45m@[38;2;4;124;34m$[38;2;0;98;0m@[38;2;0;90;3mw[38;2;0;98;0m_  [39m
 [38;2;0;98;0m@@[38;2;52;118;100m@[38;2;112;135;210m@[38;2;137;138;253m@[38;2;138;138;254m@@@@[38;2;136;139;251m@[38;2;105;131;196m@[38;2;39;116;79m@[38;2;0;98;0m@@@[38;2;46;119;91mg[38;2;107;132;200m@[38;2;138;138;254m@@@@@@@[38;2;128;139;238m@[38;2;10;105;21m@[38;2;0;98;1m@[38;2;0;130;61mL [39m
 [38;2;0;194;98m@[38;2;0;111;14m@[38;2;115;139;220m@[38;2;138;138;254m@@@@@@@@[38;2;111;138;210m@[38;2;0;124;28m@[38;2;0;167;71m@[38;2;0;152;57m@[38;2;62;123;120m@[38;2;138;138;254m@@@@@@@@@[38;2;26;109;52m@[38;2;0;177;81m@[38;2;0;164;84m$ [39m
 [38;2;0;166;85m$[38;2;0;167;72m@[38;2;66;125;128m@[38;2;138;138;254m@@@@@@@[38;2;134;139;249m@[38;2;21;124;59m@[38;2;0;197;101m@[38;2;0;198;102m@@[38;2;0;143;48m@[38;2;87;132;167m@[38;2;138;138;254m@@@@@@@[38;2;113;138;213m@[38;2;0;141;45m@[38;2;0;198;102m@[38;2;0;110;56m^ [39m
 [38;2;0;180;93m4[38;2;0;198;102m@[38;2;0;139;44m@[38;2;81;130;156m@[38;2;138;138;254m@@@@@[38;2;116;136;217m@[38;2;19;131;65m@[38;2;0;196;101m@[38;2;0;198;102m@@@@[38;2;0;166;71m@[38;2;38;122;83m@[38;2;110;136;209m@[38;2;138;138;254m@@@[38;2;137;139;252m@[38;2;97;133;185m@[38;2;7;127;41m@[38;2;0;197;101m@[38;2;0;198;102m@  [39m
 [38;2;0;0;0m [38;2;0;198;102m~[38;2;0;187;96m$[38;2;0;185;90m@[38;2;0;158;63m@[38;2;13;153;77m@[38;2;24;152;92m@[38;2;22;156;92m@[38;2;0;160;67m@[38;2;0;176;81m@[38;2;0;198;102m@@@@@@@@[38;2;0;182;87m@[38;2;0;170;74m@[38;2;0;167;71m@[38;2;0;170;74m@[38;2;0;175;79m@[38;2;0;187;93m@[38;2;0;198;102m@[38;2;0;155;80mF[38;2;0;181;93m~  [39m
 [38;2;0;0;0m  [38;2;0;134;69m4[38;2;0;198;102m@@@@@@@@@@@@@@@@@@@@@[38;2;0;185;95mF    [39m
 [38;2;0;0;0m   [38;2;0;192;99m$[38;2;0;198;102m@@@@@@@@@@@@@@@@@@@[38;2;0;189;97m@     [39m
 [38;2;0;0;0m   [38;2;0;181;93m`[38;2;0;195;100m@[38;2;0;198;102m@@@@@@@@@@@@@@@@@[38;2;0;186;96m@[38;2;0;110;57m'     [39m
 [38;2;0;0;0m     [38;2;0;198;102m~[38;2;0;188;97m@[38;2;0;198;102m@@@@@@@@@@@@@@[38;2;0;180;93mF       [39m
 [38;2;0;0;0m       [38;2;0;144;74m~[38;2;0;198;102m~[38;2;0;184;95m4[38;2;0;183;94m@[38;2;0;198;102m@@@@@[38;2;0;172;88m@[38;2;0;183;94mP[38;2;0;162;83mF[38;2;0;197;101m~         [39m
[?25h